Array Discretizado: 
23.000000:1.000000, 30.000000:0.000000, 52.000000:1.000000, 

Arr: 
20.000000, 23.000000, 23.000000, 27.000000, 30.000000, 40.000000, 52.000000, 63.000000, 65.000000, 70.000000, 
0.000000, 1.000000, 1.000000, 1.000000, 0.000000, 0.000000, 1.000000, 1.000000, 1.000000, 1.000000, 

numSiMenores: 0
numNoMenores: 1
numAtributosMenores: 1
numAtributosMayores: 9
numSiMenores: 0
numNoMenores: 1
numSiMayores: 6
numNoMayores: 3

numSiMenores: 3
numNoMenores: 1
numAtributosMenores: 4
numAtributosMayores: 6
numSiMenores: 3
numNoMenores: 1
numSiMayores: 10
numNoMayores: -4

numSiMenores: 6
numNoMenores: 0
numAtributosMenores: 6
numAtributosMayores: 4
numSiMenores: 6
numNoMenores: 0
numSiMayores: 13
numNoMayores: -9

